MD	TVD
4400	4333.154113
4400.5	4333.646517
4401	4334.138921
4401.5	4334.631325
4402	4335.123729
4402.5	4335.616133
4403	4336.108537
4403.5	4336.60094
4404	4337.093344
4404.5	4337.585748
4405	4338.078152
4405.5	4338.570556
4406	4339.06296
4406.5	4339.555364
4407	4340.047768
4407.5	4340.540171
4408	4341.032575
4408.5	4341.524979
4409	4342.017383
4409.5	4342.509787
4410	4343.002191
4410.5	4343.494595
4411	4343.986999
4411.5	4344.479402
4412	4344.971806
4412.5	4345.46421
4413	4345.956614
4413.5	4346.449018
4414	4346.941422
4414.5	4347.433826
4415	4347.92623
4415.5	4348.418633
4416	4348.911037
4416.5	4349.403441
4417	4349.895845
4417.5	4350.388249
4418	4350.880653
4418.5	4351.373057
4419	4351.865461
4419.5	4352.357864
4420	4352.850268
4420.5	4353.342672
4421	4353.835076
4421.5	4354.32748
4422	4354.819884
4422.5	4355.312288
4423	4355.804692
4423.5	4356.297095
4424	4356.789499
4424.5	4357.281903
4425	4357.774307
4425.5	4358.266711
4426	4358.759115
4426.5	4359.251519
4427	4359.743923
4427.5	4360.236326
4428	4360.72873
4428.5	4361.221134
4429	4361.713538
4429.5	4362.205942
4430	4362.698346
4430.5	4363.19075
4431	4363.683154
4431.5	4364.175557
4432	4364.667961
4432.5	4365.160365
4433	4365.652769
4433.5	4366.145173
4434	4366.637577
4434.5	4367.129981
4435	4367.622385
4435.5	4368.114788
4436	4368.607192
4436.5	4369.099596
4437	4369.592
4437.5	4370.084404
4438	4370.576808
4438.5	4371.069212
4439	4371.561616
4439.5	4372.054019
4440	4372.546423
4440.5	4373.038827
4441	4373.531231
4441.5	4374.023635
4442	4374.516039
4442.5	4375.008443
4443	4375.500847
4443.5	4375.993251
4444	4376.485654
4444.5	4376.978058
4445	4377.470462
4445.5	4377.962866
4446	4378.45527
4446.5	4378.947674
4447	4379.440078
4447.5	4379.932482
4448	4380.424885
4448.5	4380.917289
4449	4381.409693
4449.5	4381.902097
4450	4382.394501
4450.5	4382.886905
4451	4383.379309
4451.5	4383.871713
4452	4384.364116
4452.5	4384.85652
4453	4385.348924
4453.5	4385.841328
4454	4386.333732
4454.5	4386.826136
4455	4387.31854
4455.5	4387.810944
4456	4388.303347
4456.5	4388.795751
4457	4389.288155
4457.5	4389.780559
4458	4390.272963
4458.5	4390.765367
4459	4391.257771
4459.5	4391.750175
4460	4392.242578
4460.5	4392.734982
4461	4393.227386
4461.5	4393.71979
4462	4394.212194
4462.5	4394.704598
4463	4395.197002
4463.5	4395.689406
4464	4396.181809
4464.5	4396.674213
4465	4397.166617
4465.5	4397.659021
4466	4398.151425
4466.5	4398.643829
4467	4399.136233
4467.5	4399.628637
4468	4400.12104
4468.5	4400.613444
4469	4401.105848
4469.5	4401.598252
4470	4402.090656
4470.5	4402.58306
4471	4403.075464
4471.5	4403.567868
4472	4404.060271
4472.5	4404.552675
4473	4405.045079
4473.5	4405.537483
4474	4406.029887
4474.5	4406.522291
4475	4407.014695
4475.5	4407.507099
4476	4407.999502
4476.5	4408.491906
4477	4408.98431
4477.5	4409.476714
4478	4409.969118
4478.5	4410.461522
4479	4410.953926
4479.5	4411.44633
4480	4411.938733
4480.5	4412.431137
4481	4412.923541
4481.5	4413.415945
4482	4413.908349
4482.5	4414.400753
4483	4414.893157
4483.5	4415.385561
4484	4415.877965
4484.5	4416.370368
4485	4416.862772
4485.5	4417.355176
4486	4417.84758
4486.5	4418.339984
4487	4418.832388
4487.5	4419.324792
4488	4419.817196
4488.5	4420.309599
4489	4420.802003
4489.5	4421.294407
4490	4421.786811
4490.5	4422.279215
4491	4422.771619
4491.5	4423.264023
4492	4423.756427
4492.5	4424.24883
4493	4424.741234
4493.5	4425.233638
4494	4425.726042
4494.5	4426.218446
4495	4426.71085
4495.5	4427.203254
4496	4427.695658
4496.5	4428.188061
4497	4428.680465
4497.5	4429.172869
4498	4429.665273
4498.5	4430.157677
4499	4430.650081
4499.5	4431.142485
4500	4431.634889
4500.5	4432.127292
4501	4432.619696
4501.5	4433.1121
4502	4433.604504
4502.5	4434.096908
4503	4434.589312
4503.5	4435.081716
4504	4435.57412
4504.5	4436.066523
4505	4436.558927
4505.5	4437.051331
4506	4437.543735
4506.5	4438.036139
4507	4438.528543
4507.5	4439.020947
4508	4439.513351
4508.5	4440.005754
4509	4440.498158
4509.5	4440.990562
4510	4441.482966
4510.5	4441.97537
4511	4442.467774
4511.5	4442.960178
4512	4443.452582
4512.5	4443.944985
4513	4444.437389
4513.5	4444.929793
4514	4445.422197
4514.5	4445.914601
4515	4446.407005
4515.5	4446.899409
4516	4447.391813
4516.5	4447.884216
4517	4448.37662
4517.5	4448.869024
4518	4449.361428
4518.5	4449.853832
4519	4450.346236
4519.5	4450.83864
4520	4451.331044
4520.5	4451.823447
4521	4452.315851
4521.5	4452.808255
4522	4453.300659
4522.5	4453.793063
4523	4454.285467
4523.5	4454.777871
4524	4455.270275
4524.5	4455.762679
4525	4456.255082
4525.5	4456.747486
4526	4457.23989
4526.5	4457.732294
4527	4458.224698
4527.5	4458.717102
4528	4459.209506
4528.5	4459.70191
4529	4460.194313
4529.5	4460.686717
4530	4461.179121
4530.5	4461.671525
4531	4462.163929
4531.5	4462.656333
4532	4463.148737
4532.5	4463.641141
4533	4464.133544
4533.5	4464.625948
4534	4465.118352
4534.5	4465.610756
4535	4466.10316
4535.5	4466.595564
4536	4467.087968
4536.5	4467.580372
4537	4468.072775
4537.5	4468.565179
4538	4469.057583
4538.5	4469.549987
4539	4470.042391
4539.5	4470.534795
4540	4471.027199
4540.5	4471.519603
4541	4472.012006
4541.5	4472.50441
4542	4472.996814
4542.5	4473.489218
4543	4473.981622
4543.5	4474.474026
4544	4474.96643
4544.5	4475.458834
4545	4475.951237
4545.5	4476.443641
4546	4476.936045
4546.5	4477.428449
4547	4477.920853
4547.5	4478.413257
4548	4478.905661
4548.5	4479.398065
4549	4479.890468
4549.5	4480.382872
4550	4480.875276
4550.5	4481.36768
4551	4481.860084
4551.5	4482.352488
4552	4482.844892
4552.5	4483.337296
4553	4483.829699
4553.5	4484.322103
4554	4484.814507
4554.5	4485.306911
4555	4485.799315
4555.5	4486.291719
4556	4486.784123
4556.5	4487.276527
4557	4487.76893
4557.5	4488.261334
4558	4488.753738
4558.5	4489.246142
4559	4489.738546
4559.5	4490.23095
4560	4490.723354
4560.5	4491.215758
4561	4491.708161
4561.5	4492.200565
4562	4492.692969
4562.5	4493.185373
4563	4493.677777
4563.5	4494.170181
4564	4494.662585
4564.5	4495.154989
4565	4495.647393
4565.5	4496.139796
4566	4496.6322
4566.5	4497.124604
4567	4497.617008
4567.5	4498.109412
4568	4498.601816
4568.5	4499.09422
4569	4499.586624
4569.5	4500.079027
4570	4500.571431
4570.5	4501.063835
4571	4501.556239
4571.5	4502.048643
4572	4502.541047
4572.5	4503.033451
4573	4503.525855
4573.5	4504.018258
4574	4504.510662
4574.5	4505.003066
4575	4505.49547
4575.5	4505.987874
4576	4506.480278
4576.5	4506.972682
4577	4507.465086
4577.5	4507.957489
4578	4508.449893
4578.5	4508.942297
4579	4509.434701
4579.5	4509.927105
4580	4510.419509
4580.5	4510.911913
4581	4511.404317
4581.5	4511.89672
4582	4512.389124
4582.5	4512.881528
4583	4513.373932
4583.5	4513.866336
4584	4514.35874
4584.5	4514.851144
4585	4515.343548
4585.5	4515.835951
4586	4516.328355
4586.5	4516.820759
4587	4517.313163
4587.5	4517.805567
4588	4518.297971
4588.5	4518.790375
4589	4519.282779
4589.5	4519.775182
4590	4520.267586
4590.5	4520.75999
4591	4521.252394
4591.5	4521.744798
4592	4522.237202
4592.5	4522.729606
4593	4523.22201
4593.5	4523.714413
4594	4524.206817
4594.5	4524.699221
4595	4525.191625
4595.5	4525.684029
4596	4526.176433
4596.5	4526.668837
4597	4527.161241
4597.5	4527.653644
4598	4528.146048
4598.5	4528.638452
4599	4529.130856
4599.5	4529.62326
4600	4530.115664
4600.5	4530.608068
4601	4531.100472
4601.5	4531.592875
4602	4532.085279
4602.5	4532.577683
4603	4533.070087
4603.5	4533.562491
4604	4534.054895
4604.5	4534.547299
4605	4535.039703
4605.5	4535.532106
4606	4536.02451
4606.5	4536.516914
4607	4537.009318
4607.5	4537.501722
4608	4537.994126
4608.5	4538.48653
4609	4538.978934
4609.5	4539.471338
4610	4539.963741
4610.5	4540.456145
4611	4540.948549
4611.5	4541.440953
4612	4541.933357
4612.5	4542.425761
4613	4542.918165
4613.5	4543.410569
4614	4543.902972
4614.5	4544.395376
4615	4544.88778
4615.5	4545.380184
4616	4545.872588
4616.5	4546.364992
4617	4546.857396
4617.5	4547.3498
4618	4547.842203
4618.5	4548.334607
4619	4548.827011
4619.5	4549.319415
4620	4549.811819
4620.5	4550.304223
4621	4550.796627
4621.5	4551.289031
4622	4551.781434
4622.5	4552.273838
4623	4552.766242
4623.5	4553.258646
4624	4553.75105
4624.5	4554.243454
4625	4554.735858
4625.5	4555.228262
4626	4555.720665
4626.5	4556.213069
4627	4556.705473
4627.5	4557.197877
4628	4557.690281
4628.5	4558.182685
4629	4558.675089
4629.5	4559.167493
4630	4559.659896
4630.5	4560.1523
4631	4560.644704
4631.5	4561.137108
4632	4561.629512
4632.5	4562.121916
4633	4562.61432
4633.5	4563.106724
4634	4563.599127
4634.5	4564.091531
4635	4564.583935
4635.5	4565.076339
4636	4565.568743
4636.5	4566.061147
4637	4566.553551
4637.5	4567.045955
4638	4567.538358
4638.5	4568.030762
4639	4568.523166
4639.5	4569.01557
4640	4569.507974
4640.5	4570.000378
4641	4570.492782
4641.5	4570.985186
4642	4571.477589
4642.5	4571.969993
4643	4572.462397
4643.5	4572.954801
4644	4573.447205
4644.5	4573.939609
4645	4574.432013
4645.5	4574.924417
4646	4575.41682
4646.5	4575.909224
4647	4576.401628
4647.5	4576.894032
4648	4577.386436
4648.5	4577.87884
4649	4578.371244
4649.5	4578.863648
4650	4579.356052
4650.5	4579.848455
4651	4580.340859
4651.5	4580.833263
4652	4581.325667
4652.5	4581.818071
4653	4582.310475
4653.5	4582.802879
4654	4583.295283
4654.5	4583.787686
4655	4584.28009
4655.5	4584.772494
4656	4585.264898
4656.5	4585.757302
4657	4586.249706
4657.5	4586.74211
4658	4587.234514
4658.5	4587.726917
4659	4588.219321
4659.5	4588.711725
4660	4589.204129
4660.5	4589.696533
4661	4590.188937
4661.5	4590.681341
4662	4591.173745
4662.5	4591.666148
4663	4592.158552
4663.5	4592.650956
4664	4593.14336
4664.5	4593.635764
4665	4594.128168
4665.5	4594.620572
4666	4595.112976
4666.5	4595.605379
4667	4596.097783
4667.5	4596.590187
4668	4597.082591
4668.5	4597.574995
4669	4598.067399
4669.5	4598.559803
4670	4599.052207
4670.5	4599.54461
4671	4600.037014
4671.5	4600.529418
4672	4601.021822
4672.5	4601.514226
4673	4602.00663
4673.5	4602.499034
4674	4602.991438
4674.5	4603.483841
4675	4603.976245
4675.5	4604.468649
4676	4604.961053
4676.5	4605.453457
4677	4605.945861
4677.5	4606.438265
4678	4606.930669
4678.5	4607.423072
4679	4607.915476
4679.5	4608.40788
4680	4608.900284
4680.5	4609.392688
4681	4609.885092
4681.5	4610.377496
4682	4610.8699
4682.5	4611.362303
4683	4611.854707
4683.5	4612.347111
4684	4612.839515
4684.5	4613.331919
4685	4613.824323
4685.5	4614.316727
4686	4614.809131
4686.5	4615.301534
4687	4615.793938
4687.5	4616.286342
4688	4616.778746
4688.5	4617.27115
4689	4617.763554
4689.5	4618.255958
4690	4618.748362
4690.5	4619.240766
4691	4619.733169
4691.5	4620.225573
4692	4620.717977
4692.5	4621.210381
4693	4621.702785
4693.5	4622.195189
4694	4622.687593
4694.5	4623.179997
4695	4623.6724
4695.5	4624.164804
4696	4624.657208
4696.5	4625.149612
4697	4625.642016
4697.5	4626.13442
4698	4626.626824
4698.5	4627.119228
4699	4627.611631
4699.5	4628.104035
4700	4628.596439
4700.5	4629.088843
4701	4629.581247
4701.5	4630.073651
4702	4630.566055
4702.5	4631.058459
4703	4631.550862
4703.5	4632.043266
4704	4632.53567
4704.5	4633.028074
4705	4633.520478
4705.5	4634.012882
4706	4634.505286
4706.5	4634.99769
4707	4635.490093
4707.5	4635.982497
4708	4636.474901
4708.5	4636.967305
4709	4637.459709
4709.5	4637.952113
4710	4638.444517
4710.5	4638.936921
4711	4639.429324
4711.5	4639.921728
4712	4640.414132
4712.5	4640.906536
4713	4641.39894
4713.5	4641.891344
4714	4642.383748
4714.5	4642.876152
4715	4643.368555
4715.5	4643.860959
4716	4644.353363
4716.5	4644.845767
4717	4645.338171
4717.5	4645.830575
4718	4646.322979
4718.5	4646.815383
4719	4647.307786
4719.5	4647.80019
4720	4648.292594
4720.5	4648.784998
4721	4649.277402
4721.5	4649.769806
4722	4650.26221
4722.5	4650.754614
4723	4651.247017
4723.5	4651.739421
4724	4652.231825
4724.5	4652.724229
4725	4653.216633
4725.5	4653.709037
4726	4654.201441
4726.5	4654.693845
4727	4655.186248
4727.5	4655.678652
4728	4656.171056
4728.5	4656.66346
4729	4657.155864
4729.5	4657.648268
4730	4658.140672
4730.5	4658.633076
4731	4659.12548
4731.5	4659.617883
4732	4660.110287
4732.5	4660.602691
4733	4661.095095
4733.5	4661.587499
4734	4662.079903
4734.5	4662.572307
4735	4663.064711
4735.5	4663.557114
4736	4664.049518
4736.5	4664.541922
4737	4665.034326
4737.5	4665.52673
4738	4666.019134
4738.5	4666.511538
4739	4667.003942
4739.5	4667.496345
4740	4667.988749
4740.5	4668.481153
4741	4668.973557
4741.5	4669.465961
4742	4669.958365
4742.5	4670.450769
4743	4670.943173
4743.5	4671.435576
4744	4671.92798
4744.5	4672.420384
4745	4672.912788
4745.5	4673.405192
4746	4673.897596
4746.5	4674.39
4747	4674.882404
4747.5	4675.374807
4748	4675.867211
4748.5	4676.359615
4749	4676.852019
4749.5	4677.344423
4750	4677.836827
4750.5	4678.329231
4751	4678.821635
4751.5	4679.314038
4752	4679.806442
4752.5	4680.298846
4753	4680.79125
4753.5	4681.283654
4754	4681.776058
4754.5	4682.268462
4755	4682.760866
4755.5	4683.253269
4756	4683.745673
4756.5	4684.238077
4757	4684.730481
4757.5	4685.222885
4758	4685.715289
4758.5	4686.207693
4759	4686.700097
4759.5	4687.1925
4760	4687.684904
4760.5	4688.177308
4761	4688.669712
4761.5	4689.162116
4762	4689.65452
4762.5	4690.146924
4763	4690.639328
4763.5	4691.131731
4764	4691.624135
4764.5	4692.116539
4765	4692.608943
4765.5	4693.101347
4766	4693.593751
4766.5	4694.086155
4767	4694.578559
4767.5	4695.070962
4768	4695.563366
4768.5	4696.05577
4769	4696.548174
4769.5	4697.040578
4770	4697.532982
4770.5	4698.025386
4771	4698.51779
4771.5	4699.010193
4772	4699.502597
4772.5	4699.995001
4773	4700.487405
4773.5	4700.979809
4774	4701.472213
4774.5	4701.964617
4775	4702.457021
4775.5	4702.949425
4776	4703.441828
4776.5	4703.934232
4777	4704.426636
4777.5	4704.91904
4778	4705.411444
4778.5	4705.903848
4779	4706.396252
4779.5	4706.888656
4780	4707.381059
4780.5	4707.873463
4781	4708.365867
4781.5	4708.858271
4782	4709.350675
4782.5	4709.843079
4783	4710.335483
4783.5	4710.827887
4784	4711.32029
4784.5	4711.812694
4785	4712.305098
4785.5	4712.797502
4786	4713.289906
4786.5	4713.78231
4787	4714.274714
4787.5	4714.767118
4788	4715.259521
4788.5	4715.751925
4789	4716.244329
4789.5	4716.736733
4790	4717.229137
4790.5	4717.721541
4791	4718.213945
4791.5	4718.706349
4792	4719.198752
4792.5	4719.691156
4793	4720.18356
4793.5	4720.675964
4794	4721.168368
4794.5	4721.660772
4795	4722.153176
4795.5	4722.64558
4796	4723.137983
4796.5	4723.630387
4797	4724.122791
4797.5	4724.615195
4798	4725.107599
4798.5	4725.600003
4799	4726.092407
4799.5	4726.584811
4800	4727.077214
4800.5	4727.569618
4801	4728.062022
4801.5	4728.554426
4802	4729.04683
4802.5	4729.539234
4803	4730.031638
4803.5	4730.524042
4804	4731.016445
4804.5	4731.508849
4805	4732.001253
4805.5	4732.493657
4806	4732.986061
4806.5	4733.478465
4807	4733.970869
4807.5	4734.463273
4808	4734.955676
4808.5	4735.44808
4809	4735.940484
4809.5	4736.432888
4810	4736.925292
4810.5	4737.417696
4811	4737.9101
4811.5	4738.402504
4812	4738.894907
4812.5	4739.387311
4813	4739.879715
4813.5	4740.372119
4814	4740.864523
4814.5	4741.356927
4815	4741.849331
4815.5	4742.341735
4816	4742.834139
4816.5	4743.326542
4817	4743.818946
4817.5	4744.31135
4818	4744.803754
4818.5	4745.296158
4819	4745.788562
4819.5	4746.280966
4820	4746.77337
4820.5	4747.265773
4821	4747.758177
4821.5	4748.250581
4822	4748.742985
4822.5	4749.235389
4823	4749.727793
4823.5	4750.220197
4824	4750.712601
4824.5	4751.205004
4825	4751.697408
4825.5	4752.189812
4826	4752.682216
4826.5	4753.17462
4827	4753.667024
4827.5	4754.159428
4828	4754.651832
4828.5	4755.144235
4829	4755.636639
4829.5	4756.129043
4830	4756.621447
4830.5	4757.113851
4831	4757.606255
4831.5	4758.098659
4832	4758.591063
4832.5	4759.083466
4833	4759.57587
4833.5	4760.068274
4834	4760.560678
4834.5	4761.053082
4835	4761.545486
4835.5	4762.03789
4836	4762.530294
4836.5	4763.022697
4837	4763.515101
4837.5	4764.007505
4838	4764.499909
4838.5	4764.992313
4839	4765.484717
4839.5	4765.977121
4840	4766.469525
4840.5	4766.961928
4841	4767.454332
4841.5	4767.946736
4842	4768.43914
4842.5	4768.931544
4843	4769.423948
4843.5	4769.916352
4844	4770.408756
4844.5	4770.901159
4845	4771.393563
4845.5	4771.885967
4846	4772.378371
4846.5	4772.870775
4847	4773.363179
4847.5	4773.855583
4848	4774.347987
4848.5	4774.84039
4849	4775.332794
4849.5	4775.825198
4850	4776.317602
4850.5	4776.810006
4851	4777.30241
4851.5	4777.794814
4852	4778.287218
4852.5	4778.779621
4853	4779.272025
4853.5	4779.764429
4854	4780.256833
4854.5	4780.749237
4855	4781.241641
4855.5	4781.734045
4856	4782.226449
4856.5	4782.718853
4857	4783.211256
4857.5	4783.70366
4858	4784.196064
4858.5	4784.688468
4859	4785.180872
4859.5	4785.673276
4860	4786.16568
4860.5	4786.658084
4861	4787.150487
4861.5	4787.642891
4862	4788.135295
4862.5	4788.627699
4863	4789.120103
4863.5	4789.612507
4864	4790.104911
4864.5	4790.597315
4865	4791.089718
4865.5	4791.582122
4866	4792.074526
4866.5	4792.56693
4867	4793.059334
4867.5	4793.551738
4868	4794.044142
4868.5	4794.536546
4869	4795.028949
4869.5	4795.521353
4870	4796.013757
4870.5	4796.506161
4871	4796.998565
4871.5	4797.490969
4872	4797.983373
4872.5	4798.475777
4873	4798.96818
4873.5	4799.460584
4874	4799.952988
4874.5	4800.445392
4875	4800.937796
4875.5	4801.4302
4876	4801.922604
4876.5	4802.415008
4877	4802.907411
4877.5	4803.399815
4878	4803.892219
4878.5	4804.384623
4879	4804.877027
4879.5	4805.369431
4880	4805.861835
4880.5	4806.354239
4881	4806.846642
4881.5	4807.339046
4882	4807.83145
4882.5	4808.323854
4883	4808.816258
4883.5	4809.308662
4884	4809.801066
4884.5	4810.29347
4885	4810.785873
4885.5	4811.278277
4886	4811.770681
4886.5	4812.263085
4887	4812.755489
4887.5	4813.247893
4888	4813.740297
4888.5	4814.232701
4889	4814.725104
4889.5	4815.217508
4890	4815.709912
4890.5	4816.202316
4891	4816.69472
4891.5	4817.187124
4892	4817.679528
4892.5	4818.171932
4893	4818.664335
4893.5	4819.156739
4894	4819.649143
4894.5	4820.141547
4895	4820.633951
4895.5	4821.126355
4896	4821.618759
4896.5	4822.111163
4897	4822.603567
4897.5	4823.09597
4898	4823.588374
4898.5	4824.080778
4899	4824.573182
4899.5	4825.065586
4900	4825.55799
4900.5	4826.050394
4901	4826.542798
4901.5	4827.035201
4902	4827.527605
4902.5	4828.020009
4903	4828.512413
4903.5	4829.004817
4904	4829.497221
4904.5	4829.989625
4905	4830.482029
4905.5	4830.974432
4906	4831.466836
4906.5	4831.95924
4907	4832.451644
4907.5	4832.944048
4908	4833.436452
4908.5	4833.928856
4909	4834.42126
4909.5	4834.913663
4910	4835.406067
4910.5	4835.898471
4911	4836.390875
4911.5	4836.883279
4912	4837.375683
4912.5	4837.868087
4913	4838.360491
4913.5	4838.852894
4914	4839.345298
4914.5	4839.837702
4915	4840.330106
4915.5	4840.82251
4916	4841.314914
4916.5	4841.807318
4917	4842.299722
4917.5	4842.792125
4918	4843.284529
4918.5	4843.776933
4919	4844.269337
4919.5	4844.761741
4920	4845.254145
4920.5	4845.746549
4921	4846.238953
4921.5	4846.731356
4922	4847.22376
4922.5	4847.716164
4923	4848.208568
4923.5	4848.700972
4924	4849.193376
4924.5	4849.68578
4925	4850.178184
4925.5	4850.670587
4926	4851.162991
4926.5	4851.655395
4927	4852.147799
4927.5	4852.640203
4928	4853.132607
4928.5	4853.625011
4929	4854.117415
4929.5	4854.609818
4930	4855.102222
4930.5	4855.594626
4931	4856.08703
4931.5	4856.579434
4932	4857.071838
4932.5	4857.564242
4933	4858.056646
4933.5	4858.549049
4934	4859.041453
4934.5	4859.533857
4935	4860.026261
4935.5	4860.518665
4936	4861.011069
4936.5	4861.503473
4937	4861.995877
4937.5	4862.48828
4938	4862.980684
4938.5	4863.473088
4939	4863.965492
4939.5	4864.457896
4940	4864.9503
4940.5	4865.442704
4941	4865.935108
4941.5	4866.427512
4942	4866.919915
4942.5	4867.412319
4943	4867.904723
4943.5	4868.397127
4944	4868.889531
4944.5	4869.381935
4945	4869.874339
4945.5	4870.366743
4946	4870.859146
4946.5	4871.35155
4947	4871.843954
4947.5	4872.336358
4948	4872.828762
4948.5	4873.321166
4949	4873.81357
4949.5	4874.305974
4950	4874.798377
4950.5	4875.290781
4951	4875.783185
4951.5	4876.275589
4952	4876.767993
4952.5	4877.260397
4953	4877.752801
4953.5	4878.245205
4954	4878.737608
4954.5	4879.230012
4955	4879.722416
4955.5	4880.21482
4956	4880.707224
4956.5	4881.199628
4957	4881.692032
4957.5	4882.184436
4958	4882.676839
4958.5	4883.169243
4959	4883.661647
4959.5	4884.154051
4960	4884.646455
4960.5	4885.138859
4961	4885.631263
4961.5	4886.123667
4962	4886.61607
4962.5	4887.108474
4963	4887.600878
4963.5	4888.093282
4964	4888.585686
4964.5	4889.07809
4965	4889.570494
4965.5	4890.062898
4966	4890.555301
4966.5	4891.047705
4967	4891.540109
4967.5	4892.032513
4968	4892.524917
4968.5	4893.017321
4969	4893.509725
4969.5	4894.002129
4970	4894.494532
4970.5	4894.986936
4971	4895.47934
4971.5	4895.971744
4972	4896.464148
4972.5	4896.956552
4973	4897.448956
4973.5	4897.94136
4974	4898.433763
4974.5	4898.926167
4975	4899.418571
4975.5	4899.910975
4976	4900.403379
4976.5	4900.895783
4977	4901.388187
4977.5	4901.880591
4978	4902.372994
4978.5	4902.865398
4979	4903.357802
4979.5	4903.850206
4980	4904.34261
4980.5	4904.835014
4981	4905.327418
4981.5	4905.819822
4982	4906.312226
4982.5	4906.804629
4983	4907.297033
4983.5	4907.789437
4984	4908.281841
4984.5	4908.774245
4985	4909.266649
4985.5	4909.759053
4986	4910.251457
4986.5	4910.74386
4987	4911.236264
4987.5	4911.728668
4988	4912.221072
4988.5	4912.713476
4989	4913.20588
4989.5	4913.698284
4990	4914.190688
4990.5	4914.683091
4991	4915.175495
4991.5	4915.667899
4992	4916.160303
4992.5	4916.652707
4993	4917.145111
4993.5	4917.637515
4994	4918.129919
4994.5	4918.622322
4995	4919.114726
4995.5	4919.60713
4996	4920.099534
4996.5	4920.591938
4997	4921.084342
4997.5	4921.576746
4998	4922.06915
4998.5	4922.561553
4999	4923.053957
4999.5	4923.546361
5000	4924.038765
5000.5	4924.531169
5001	4925.023573
5001.5	4925.515977
5002	4926.008381
5002.5	4926.500784
5003	4926.993188
5003.5	4927.485592
5004	4927.977996
5004.5	4928.4704
5005	4928.962804
5005.5	4929.455208
5006	4929.947612
5006.5	4930.440015
5007	4930.932419
5007.5	4931.424823
5008	4931.917227
5008.5	4932.409631
5009	4932.902035
5009.5	4933.394439
5010	4933.886843
5010.5	4934.379246
5011	4934.87165
5011.5	4935.364054
5012	4935.856458
5012.5	4936.348862
5013	4936.841266
5013.5	4937.33367
5014	4937.826074
5014.5	4938.318477
5015	4938.810881
5015.5	4939.303285
5016	4939.795689
5016.5	4940.288093
5017	4940.780497
5017.5	4941.272901
5018	4941.765305
5018.5	4942.257708
5019	4942.750112
5019.5	4943.242516
5020	4943.73492
5020.5	4944.227324
5021	4944.719728
5021.5	4945.212132
5022	4945.704536
5022.5	4946.19694
5023	4946.689343
5023.5	4947.181747
5024	4947.674151
5024.5	4948.166555
5025	4948.658959
5025.5	4949.151363
5026	4949.643767
5026.5	4950.136171
5027	4950.628574
5027.5	4951.120978
5028	4951.613382
5028.5	4952.105786
5029	4952.59819
5029.5	4953.090594
5030	4953.582998
5030.5	4954.075402
5031	4954.567805
5031.5	4955.060209
5032	4955.552613
5032.5	4956.045017
5033	4956.537421
5033.5	4957.029825
5034	4957.522229
5034.5	4958.014633
5035	4958.507036
5035.5	4958.99944
5036	4959.491844
5036.5	4959.984248
5037	4960.476652
5037.5	4960.969056
5038	4961.46146
5038.5	4961.953864
5039	4962.446267
5039.5	4962.938671
5040	4963.431075
5040.5	4963.923479
5041	4964.415883
5041.5	4964.908287
5042	4965.400691
5042.5	4965.893095
5043	4966.385498
5043.5	4966.877902
5044	4967.370306
5044.5	4967.86271
5045	4968.355114
5045.5	4968.847518
5046	4969.339922
5046.5	4969.832326
5047	4970.324729
5047.5	4970.817133
5048	4971.309537
5048.5	4971.801941
5049	4972.294345
5049.5	4972.786749
5050	4973.279153
